[gd_scene load_steps=2 format=3 uid="uid://bve05q6f20fac"]

[ext_resource type="PackedScene" uid="uid://dynpvkx1vo2hw" path="res://scenes/row.tscn" id="1_t5fjg"]

[node name="Grid" type="Node3D"]

[node name="Row0" parent="." instance=ExtResource("1_t5fjg")]
transform = Transform3D(0.866025, 0, 0.5, 0, 1, 0, -0.5, 0, 0.866025, 0, 0, 0)

[node name="Row1" parent="." instance=ExtResource("1_t5fjg")]
transform = Transform3D(0.866025, 0, 0.5, 0, 1, 0, -0.5, 0, 0.866025, 0, 0, -1.7)

[node name="Row2" parent="." instance=ExtResource("1_t5fjg")]
transform = Transform3D(0.866025, 0, 0.5, 0, 1, 0, -0.5, 0, 0.866025, 0, 0, -3.4)

[node name="Row3" parent="." instance=ExtResource("1_t5fjg")]
transform = Transform3D(0.866025, 0, 0.5, 0, 1, 0, -0.5, 0, 0.866025, 0, 0, -5.1)

[node name="Row4" parent="." instance=ExtResource("1_t5fjg")]
transform = Transform3D(0.866025, 0, 0.5, 0, 1, 0, -0.5, 0, 0.866025, 0, 0, -6.8)

[node name="Row5" parent="." instance=ExtResource("1_t5fjg")]
transform = Transform3D(0.866025, 0, 0.5, 0, 1, 0, -0.5, 0, 0.866025, 0, 0, -8.5)

[node name="Row6" parent="." instance=ExtResource("1_t5fjg")]
transform = Transform3D(0.866025, 0, 0.5, 0, 1, 0, -0.5, 0, 0.866025, 0, 0, -10.2)

[node name="Row7" parent="." instance=ExtResource("1_t5fjg")]
transform = Transform3D(0.866025, 0, 0.5, 0, 1, 0, -0.5, 0, 0.866025, 0, 0, -11.9)

[node name="Row8" parent="." instance=ExtResource("1_t5fjg")]
transform = Transform3D(0.866025, 0, 0.5, 0, 1, 0, -0.5, 0, 0.866025, 0, 0, -13.6)

[node name="Row9" parent="." instance=ExtResource("1_t5fjg")]
transform = Transform3D(0.866025, 0, 0.5, 0, 1, 0, -0.5, 0, 0.866025, 0, 0, -15.3)
